naranja:
-57.9771669, -34.9081059
-57.9750223, -34.9097248
-57.9788826, -34.9135959
-57.9801693, -34.9127513
-57.9821423, -34.9145813
-57.9835149, -34.9138071
-57.9771669, -34.9081059



Rojo
-58.0001857, -34.9290083
-58.0013009, -34.9298527
-58.0047323, -34.9275305
-58.0056759, -34.9283749
-58.0090214, -34.9259823
-58.0060190, -34.9230970
-58.0071342, -34.9219710
-58.0082494, -34.9230970
-58.0127959, -34.9195782
-58.0137395, -34.9207043
-58.0130533, -34.9214080
-58.0145974, -34.9233785
-58.0136537, -34.9242934
-58.0144258, -34.9250675
-58.0179429, -34.9225340
-58.0103940, -34.9152851
-58.0074773, -34.9167631
-58.0081636, -34.9178892
-58.0074773, -34.9186633
-58.0084210, -34.9195782
-58.0073915, -34.9204931
-58.0063621, -34.9193671
-58.0051612, -34.9179595
-58.0067911, -34.9166927
-58.0037886, -34.9165520
-58.0040460, -34.9177484
-57.9955534, -34.9239415
-57.9964970, -34.9251379
-58.0028450, -34.9204228
-58.0001857, -34.9290083


-57.9842300, -34.9147221
-57.9832864, -34.9155666
-57.9844016, -34.9164112
-57.9818280, -34.9178892
-57.9840584, -34.9196486
-57.9818280, -34.9216192
-57.9856883, -34.9252786
-57.9891197, -34.9229563
-57.9883476, -34.9218303
-57.9892912, -34.9209858
-57.9881760, -34.9202820
-57.9892054, -34.9191560
-57.9842300, -34.9147221


-57.9877471, -34.9269675
-57.9870608, -34.9261231
-57.9813133, -34.9304860
-57.9821712, -34.9314712
-57.9877471, -34.9269675

-57.9659581, -34.9432920
-57.9643282, -34.9416738
-57.9622694, -34.9430106
-57.9636419, -34.9447695
-57.9659581, -34.9432920

-57.9595243, -34.9482872
-57.9561788, -34.9508902
-57.9531763, -34.9480761
-57.9541200, -34.9472319
-57.9550636, -34.9482872
-57.9570366, -34.9466691
-57.9595243, -34.9482872

-57.9565219, -34.9437845
-57.9536910, -34.9407591
-57.9537768, -34.9377336
-57.9587523, -34.9420959
-57.9565219, -34.9437845

-57.9543773, -34.9314712
-57.9542915, -34.9285157
-57.9559214, -34.9273194
-57.9577229, -34.9290083
-57.9594385, -34.9280231
-57.9604679, -34.9289379
-57.9591812, -34.9302045
-57.9579802, -34.9292897
-57.9543773, -34.9314712

-57.9592670, -34.9211969
-57.9612400, -34.9198597
-57.9630415, -34.9214784
-57.9592670, -34.9211969


-57.9572082, -34.9190856
-57.9563503, -34.9182411
-57.9602106, -34.9154962
-57.9612400, -34.9164112
-57.9572082, -34.9190856

-57.9626125, -34.9152851
-57.9608111, -34.9133144
-57.9617547, -34.9128217
-57.9635562, -34.9143701
-57.9626125, -34.9152851

-57.9609826, -34.9100064
-57.9629557, -34.9083875
-57.9649287, -34.9101471
-57.9661297, -34.9094433
-57.9713625, -34.9138775
-57.9673306, -34.9169742
-57.9670733, -34.9138775
-57.9681885, -34.9130329
-57.9662154, -34.9111325
-57.9628699, -34.9115548
-57.9609826, -34.9100064

-57.9632988, -34.9062054
-57.9664728, -34.9040234
-57.9652718, -34.9031083
-57.9679311, -34.9014189
-57.9696468, -34.9032491
-57.9715340, -34.9022636
-57.9657865, -34.8963504
-57.9695610, -34.8936753
-57.9716198, -34.8957872
-57.9695610, -34.8973360
-57.9721345, -34.8994478
-57.9735928, -34.8988143
-57.9755658, -34.9006445
-57.9726492, -34.9029675
-57.9735928, -34.9040234
-57.9684458, -34.9076836
-57.9667301, -34.9057831
-57.9644140, -34.9073317
-57.9632988, -34.9062054

-57.9747080, -34.9045161
-57.9774531, -34.9026155
-57.9764237, -34.9017004
-57.9774531, -34.9008557
-57.9795119, -34.9026155
-57.9830290, -34.9001518
-57.9819996, -34.8992366
-57.9832864, -34.8983919
-57.9846589, -34.8993070
-57.9886049, -34.9029675
-57.9929799, -34.8997998
-57.9951245, -34.9012077
-57.9880045, -34.9061351
-57.9861172, -34.9045865
-57.9835437, -34.9062758
-57.9818280, -34.9046569
-57.9778820, -34.9073317
-57.9747080, -34.9045161

-57.9835437, -34.9063462
-57.9799408, -34.9093025
-57.9828575, -34.9119067
-57.9844016, -34.9109917
-57.9853452, -34.9117660
-57.9867177, -34.9111325
-57.9850020, -34.9093729
-57.9862030, -34.9085986
-57.9835437, -34.9063462

